1	1	67	147.27	71.37	-2.2	147.27	71.37	-1.7	4400000	1051.8	1051.8	0.01	0	0	3
2	2	71	157.57	71.37	-2.2	157.57	71.37	-1.7	6225000	1721.2	1721.2	0.01	0	0	4
3	3	74	165.07	71.37	-2.2	165.07	71.37	-1.7	9350000	2550.2	2550.2	0.01	0	0	5
4	4	75	195.07	71.37	-2.2	195.07	71.37	-1.7	9350000	2423.3	2423.3	0.01	0	0	5
5	5	78	202.57	71.37	-2.2	202.57	71.37	-1.7	6225000	1558.8	1558.8	0.01	0	0	4
6	6	81	211.97	71.37	-2.2	211.97	71.37	-1.7	4400000	1175.6	1175.6	0.01	0	0	3
7	7	84	219.47	71.37	-2.2	219.47	71.37	-1.7	6225000	1857.8	1857.8	0.01	0	0	4
8	8	86	7.45	71.85	-2.2	7.45	71.85	-1.7	2875000	754.3	754.3	0.01	0	0	2
9	9	87	17.75	71.85	-2.2	17.75	71.85	-1.7	4400000	1059.5	1059.5	0.01	0	0	3
10	10	88	46.85	71.85	-2.2	46.85	71.85	-1.7	6225000	1592.4	1592.4	0.01	0	0	4
11	11	90	51.67	71.85	-2.2	51.67	71.85	-1.7	4400000	1147.3	1147.3	0.01	0	0	3
12	12	91	54.35	71.85	-2.2	54.35	71.85	-1.7	4400000	1075.7	1075.7	0.01	0	0	3
13	13	92	71.25	71.85	-2.2	71.25	71.85	-1.7	9350000	2401.2	2401.2	0.01	0	0	5
14	14	95	78.75	71.85	-2.2	78.75	71.85	-1.7	2875000	791.4	791.4	0.01	0	0	2
15	15	96	93.75	71.85	-2.2	93.75	71.85	-1.7	6225000	1879.3	1879.3	0.01	0	0	4
16	16	98	100.45	71.85	-2.2	100.45	71.85	-1.7	4400000	1075.4	1075.4	0.01	0	0	3
17	17	100	112.65	71.85	-2.2	112.65	71.85	-1.7	4400000	1151.4	1151.4	0.01	0	0	3
18	18	102	118.15	71.85	-2.2	118.15	71.85	-1.7	6225000	1688	1688	0.01	0	0	4
19	19	103	140.67	71.85	-2.2	140.67	71.85	-1.7	6225000	1757.7	1757.7	0.01	0	0	4
20	20	107	12.65	72.7	-2.2	12.65	72.7	-1.7	4400000	1067.1	1067.1	0.01	0	0	3
21	21	113	59.6	72.7	-2.2	59.6	72.7	-1.7	2875000	806.8	806.8	0.01	0	0	2
22	22	115	63.75	72.7	-2.2	63.75	72.7	-1.7	6225000	1621.1	1621.1	0.01	0	0	4
23	23	120	152.42	72.7	-2.2	152.42	72.7	-1.7	2875000	831.7	831.7	0.01	0	0	2
24	24	133	105.55	72.93	-2.2	105.55	72.93	-1.7	2875000	826.8	826.8	0.01	0	0	2
25	25	135	110.65	72.93	-2.2	110.65	72.93	-1.7	4400000	1180	1180	0.01	0	0	3
26	26	189	7.45	76.2	-2.2	7.45	76.2	-1.7	9350000	2543.7	2543.7	0.01	0	0	5
27	27	191	12.65	76.2	-2.2	12.65	76.2	-1.7	2875000	741.2	741.2	0.01	0	0	2
28	28	192	14.15	76.2	-2.2	14.15	76.2	-1.7	9350000	2425.8	2425.8	0.01	0	0	5
29	29	194	17.75	76.2	-2.2	17.75	76.2	-1.7	9350000	2414.1	2414.1	0.01	0	0	5
30	30	195	46.85	76.2	-2.2	46.85	76.2	-1.7	9350000	2106.7	2106.7	0.01	0	0	5
31	31	196	50.35	76.2	-2.2	50.35	76.2	-1.7	6225000	1579	1579	0.01	0	0	4
32	32	200	57.75	76.2	-2.2	57.75	76.2	-1.7	6225000	1912.3	1912.3	0.01	0	0	4
33	33	201	59.6	76.2	-2.2	59.6	76.2	-1.7	2875000	898.4	898.4	0.01	0	0	2
34	34	203	63.75	76.2	-2.2	63.75	76.2	-1.7	9350000	2471.7	2471.7	0.01	0	0	5
35	35	205	71.25	76.2	-2.2	71.25	76.2	-1.7	9350000	2347.6	2347.6	0.01	0	0	5
36	36	208	78.75	76.2	-2.2	78.75	76.2	-1.7	6225000	1768.6	1768.6	0.01	0	0	4
37	37	211	100.45	76.2	-2.2	100.45	76.2	-1.7	9350000	2393.6	2393.6	0.01	0	0	5
38	38	213	104.05	76.2	-2.2	104.05	76.2	-1.7	9350000	2602.7	2602.7	0.01	0	0	5
39	39	215	105.55	76.2	-2.2	105.55	76.2	-1.7	2875000	830.1	830.1	0.01	0	0	2
40	40	217	110.65	76.2	-2.2	110.65	76.2	-1.7	6225000	1831.3	1831.3	0.01	0	0	4
41	41	219	114.55	76.2	-2.2	114.55	76.2	-1.7	6225000	1787.3	1787.3	0.01	0	0	4
42	42	221	118.15	76.2	-2.2	118.15	76.2	-1.7	9350000	2538.1	2538.1	0.01	0	0	5
43	43	222	140.67	76.2	-2.2	140.67	76.2	-1.7	9350000	2563.2	2563.2	0.01	0	0	5
44	44	224	147.27	76.2	-2.2	147.27	76.2	-1.7	9350000	2835.8	2835.8	0.01	0	0	5
45	45	227	152.42	76.2	-2.2	152.42	76.2	-1.7	9350000	3311.6	3311.6	0.01	0	0	5
46	46	229	157.57	76.2	-2.2	157.57	76.2	-1.7	6225000	2142.2	2142.2	0.01	0	0	4
47	47	232	165.07	76.2	-2.2	165.07	76.2	-1.7	9350000	3147.7	3147.7	0.01	0	0	5
48	48	233	195.07	76.2	-2.2	195.07	76.2	-1.7	9350000	2859.4	2859.4	0.01	0	0	5
49	49	237	202.57	76.2	-2.2	202.57	76.2	-1.7	9350000	3094.2	3094.2	0.01	0	0	5
50	50	239	207.57	76.2	-2.2	207.57	76.2	-1.7	9350000	3126.7	3126.7	0.01	0	0	5
51	51	242	211.97	76.2	-2.2	211.97	76.2	-1.7	9350000	2977.5	2977.5	0.01	0	0	5
52	52	245	219.47	76.2	-2.2	219.47	76.2	-1.7	6225000	2086.7	2086.7	0.01	0	0	4
53	53	255	54.35	76.43	-2.2	54.35	76.43	-1.7	9350000	2586.3	2586.3	0.01	0	0	5
54	54	284	93.75	76.65	-2.2	93.75	76.65	-1.7	6225000	2017.2	2017.2	0.01	0	0	4
55	298	841	0	0	-0.5	0	0	0	6225000	1253.3	1253.3	0.01	0	0	4
56	299	842	3.72	0	-0.5	3.72	0	0	4400000	1037	1037	0.01	0	0	3
57	300	843	7.45	0	-0.5	7.45	0	0	6225000	1698.9	1698.9	0.01	0	0	4
58	301	846	13.97	0	-0.5	13.97	0	0	4400000	1107.7	1107.7	0.01	0	0	3
59	302	848	20.6	0	-0.5	20.6	0	0	2875000	888.4	888.4	0.01	0	0	2
60	303	849	24.35	0	-0.5	24.35	0	0	6225000	1863.8	1863.8	0.01	0	0	4
61	304	851	31.85	0	-0.5	31.85	0	0	1275000	474.2	474.2	0.01	0	0	1
62	305	853	39.35	0	-0.5	39.35	0	0	1275000	467.1	467.1	0.01	0	0	1
63	306	855	46.85	0	-0.5	46.85	0	0	6225000	1275	1275	0.01	0	0	4
64	307	856	50.6	0	-0.5	50.6	0	0	4400000	1023.6	1023.6	0.01	0	0	3
65	308	857	54.35	0	-0.5	54.35	0	0	6225000	1636.5	1636.5	0.01	0	0	4
66	309	860	60.82	0	-0.5	60.82	0	0	4400000	1049.8	1049.8	0.01	0	0	3
67	310	862	67.5	0	-0.5	67.5	0	0	2875000	855.6	855.6	0.01	0	0	2
68	311	864	71.6	0	-0.5	71.6	0	0	6225000	1690.5	1690.5	0.01	0	0	4
69	312	867	78.75	0	-0.5	78.75	0	0	1275000	456.2	456.2	0.01	0	0	1
70	313	869	86.25	0	-0.5	86.25	0	0	1275000	475.5	475.5	0.01	0	0	1
71	314	871	93.75	0	-0.5	93.75	0	0	6225000	1407.4	1407.4	0.01	0	0	4
72	315	872	97.5	0	-0.5	97.5	0	0	4400000	1084	1084	0.01	0	0	3
73	316	873	101.25	0	-0.5	101.25	0	0	6225000	1697.4	1697.4	0.01	0	0	4
74	317	876	107.72	0	-0.5	107.72	0	0	4400000	1061.1	1061.1	0.01	0	0	3
75	318	878	113.93	0	-0.5	113.93	0	0	4400000	1046	1046	0.01	0	0	3
76	319	880	118.15	0	-0.5	118.15	0	0	6225000	1849	1849	0.01	0	0	4
77	320	882	125.65	0	-0.5	125.65	0	0	1275000	498.1	498.1	0.01	0	0	1
78	321	884	133.15	0	-0.5	133.15	0	0	1275000	496.1	496.1	0.01	0	0	1
79	322	887	140.31	0	-0.5	140.31	0	0	6225000	1344.1	1344.1	0.01	0	0	4
80	323	889	144.42	0	-0.5	144.42	0	0	4400000	1051.4	1051.4	0.01	0	0	3
81	324	890	148.17	0	-0.5	148.17	0	0	6225000	1632.1	1632.1	0.01	0	0	4
82	325	893	154.64	0	-0.5	154.64	0	0	4400000	1026.7	1026.7	0.01	0	0	3
83	326	895	160.92	0	-0.5	160.92	0	0	4400000	978	978	0.01	0	0	3
84	327	897	165.07	0	-0.5	165.07	0	0	6225000	1751.8	1751.8	0.01	0	0	4
85	328	899	172.57	0	-0.5	172.57	0	0	1275000	459.6	459.6	0.01	0	0	1
86	329	901	180.07	0	-0.5	180.07	0	0	1275000	453.7	453.7	0.01	0	0	1
87	330	903	187.57	0	-0.5	187.57	0	0	1275000	453.4	453.4	0.01	0	0	1
88	331	905	195.07	0	-0.5	195.07	0	0	6225000	1348.8	1348.8	0.01	0	0	4
89	332	906	198.82	0	-0.5	198.82	0	0	6225000	1408.5	1408.5	0.01	0	0	4
90	333	908	202.57	0	-0.5	202.57	0	0	2875000	711.4	711.4	0.01	0	0	2
91	334	913	209.04	0	-0.5	209.04	0	0	4400000	1064.9	1064.9	0.01	0	0	3
92	335	915	215.32	0	-0.5	215.32	0	0	6225000	1563.3	1563.3	0.01	0	0	4
93	336	918	219.77	0	-0.5	219.77	0	0	2875000	825	825	0.01	0	0	2
94	337	921	226.97	0	-0.5	226.97	0	0	1275000	520.7	520.7	0.01	0	0	1
95	338	923	234.47	0	-0.5	234.47	0	0	1275000	442.4	442.4	0.01	0	0	1
96	339	925	241.97	0	-0.5	241.97	0	0	1275000	649.2	649.2	0.01	0	0	1
97	340	927	249.37	0	-0.5	249.37	0	0	1275000	281.3	281.3	0.01	0	0	1
98	341	929	256.37	0	-0.5	256.37	0	0	1275000	244.1	244.1	0.01	0	0	1
99	342	931	263.22	0	-0.5	263.22	0	0	1275000	234	234	0.01	0	0	1
100	343	933	270.72	0	-0.5	270.72	0	0	1275000	169.6	169.6	0.01	0	0	1
101	344	988	9.8	2.3	-0.5	9.8	2.3	0	2875000	937.5	937.5	0.01	0	0	2
102	345	990	13.97	2.3	-0.5	13.97	2.3	0	4400000	1298.8	1298.8	0.01	0	0	3
103	346	992	56.65	2.3	-0.5	56.65	2.3	0	2875000	895.7	895.7	0.01	0	0	2
104	347	994	60.82	2.3	-0.5	60.82	2.3	0	4400000	1228.9	1228.9	0.01	0	0	3
105	348	995	103.55	2.3	-0.5	103.55	2.3	0	2875000	905.4	905.4	0.01	0	0	2
106	349	997	107.72	2.3	-0.5	107.72	2.3	0	4400000	1170.3	1170.3	0.01	0	0	3
107	350	998	150.47	2.3	-0.5	150.47	2.3	0	2875000	859.2	859.2	0.01	0	0	2
108	351	1000	154.64	2.3	-0.5	154.64	2.3	0	4400000	1159.2	1159.2	0.01	0	0	3
109	352	1001	204.87	2.3	-0.5	204.87	2.3	0	2875000	932.7	932.7	0.01	0	0	2
110	353	1003	209.04	2.3	-0.5	209.04	2.3	0	4400000	1242.8	1242.8	0.01	0	0	3
111	354	1019	256.37	3.45	-0.5	256.37	3.45	0	1275000	620.4	620.4	0.01	0	0	1
112	355	1021	263.22	3.45	-0.5	263.22	3.45	0	2875000	828.9	828.9	0.01	0	0	2
113	356	1023	270.72	3.45	-0.5	270.72	3.45	0	1275000	394.5	394.5	0.01	0	0	1
114	357	1024	0	4.35	-0.5	0	4.35	0	6225000	1548.7	1548.7	0.01	0	0	4
115	358	1025	3.72	4.35	-0.5	3.72	4.35	0	6225000	1619.6	1619.6	0.01	0	0	4
116	359	1026	7.45	4.35	-0.5	7.45	4.35	0	2875000	872.4	872.4	0.01	0	0	2
117	360	1027	9.8	4.35	-0.5	9.8	4.35	0	4400000	1113.6	1113.6	0.01	0	0	3
118	361	1029	13.97	4.35	-0.5	13.97	4.35	0	4400000	1227.5	1227.5	0.01	0	0	3
119	362	1032	24.35	4.35	-0.5	24.35	4.35	0	6225000	1998.3	1998.3	0.01	0	0	4
120	363	1034	31.85	4.35	-0.5	31.85	4.35	0	4400000	1777.2	1777.2	0.01	0	0	3
121	364	1036	39.35	4.35	-0.5	39.35	4.35	0	4400000	1700.8	1700.8	0.01	0	0	3
122	365	1038	46.85	4.35	-0.5	46.85	4.35	0	9350000	2076	2076	0.01	0	0	5
123	366	1039	50.6	4.35	-0.5	50.6	4.35	0	6225000	1602.5	1602.5	0.01	0	0	4
124	367	1040	54.35	4.35	-0.5	54.35	4.35	0	2875000	840.3	840.3	0.01	0	0	2
125	368	1041	56.65	4.35	-0.5	56.65	4.35	0	2875000	835.4	835.4	0.01	0	0	2
126	369	1043	60.82	4.35	-0.5	60.82	4.35	0	4400000	1192.2	1192.2	0.01	0	0	3
127	370	1047	71.6	4.35	-0.5	71.6	4.35	0	9350000	2457.6	2457.6	0.01	0	0	5
128	371	1050	78.75	4.35	-0.5	78.75	4.35	0	4400000	1740.2	1740.2	0.01	0	0	3
129	372	1052	86.25	4.35	-0.5	86.25	4.35	0	4400000	1813.7	1813.7	0.01	0	0	3
130	373	1054	93.75	4.35	-0.5	93.75	4.35	0	9350000	2483.2	2483.2	0.01	0	0	5
131	374	1055	97.5	4.35	-0.5	97.5	4.35	0	4400000	1213.5	1213.5	0.01	0	0	3
132	375	1056	101.25	4.35	-0.5	101.25	4.35	0	6225000	1664.6	1664.6	0.01	0	0	4
133	376	1057	103.55	4.35	-0.5	103.55	4.35	0	2875000	827.2	827.2	0.01	0	0	2
134	377	1059	107.72	4.35	-0.5	107.72	4.35	0	4400000	1097	1097	0.01	0	0	3
135	378	1061	113.93	4.35	-0.5	113.93	4.35	0	6225000	1610.8	1610.8	0.01	0	0	4
136	379	1063	118.15	4.35	-0.5	118.15	4.35	0	6225000	1853.4	1853.4	0.01	0	0	4
137	380	1065	125.65	4.35	-0.5	125.65	4.35	0	2875000	1294.5	1294.5	0.01	0	0	2
138	381	1067	133.15	4.35	-0.5	133.15	4.35	0	2875000	1255.1	1255.1	0.01	0	0	2
139	382	1070	140.31	4.35	-0.5	140.31	4.35	0	9350000	2562.1	2562.1	0.01	0	0	5
140	383	1072	144.42	4.35	-0.5	144.42	4.35	0	4400000	1318	1318	0.01	0	0	3
141	384	1073	148.17	4.35	-0.5	148.17	4.35	0	2875000	904.3	904.3	0.01	0	0	2
142	385	1074	150.47	4.35	-0.5	150.47	4.35	0	4400000	1098.5	1098.5	0.01	0	0	3
143	386	1076	154.64	4.35	-0.5	154.64	4.35	0	4400000	1138.6	1138.6	0.01	0	0	3
144	387	1078	160.92	4.35	-0.5	160.92	4.35	0	6225000	1611.5	1611.5	0.01	0	0	4
145	388	1080	165.07	4.35	-0.5	165.07	4.35	0	6225000	1905.5	1905.5	0.01	0	0	4
146	389	1082	172.57	4.35	-0.5	172.57	4.35	0	4400000	1787.3	1787.3	0.01	0	0	3
147	390	1084	180.07	4.35	-0.5	180.07	4.35	0	4400000	1820.9	1820.9	0.01	0	0	3
148	391	1086	187.57	4.35	-0.5	187.57	4.35	0	4400000	1779.9	1779.9	0.01	0	0	3
149	392	1088	195.07	4.35	-0.5	195.07	4.35	0	9350000	2278.3	2278.3	0.01	0	0	5
150	393	1089	198.82	4.35	-0.5	198.82	4.35	0	4400000	1296.5	1296.5	0.01	0	0	3
151	394	1090	202.57	4.35	-0.5	202.57	4.35	0	2875000	922.6	922.6	0.01	0	0	2
152	395	1091	204.87	4.35	-0.5	204.87	4.35	0	4400000	1149.3	1149.3	0.01	0	0	3
153	396	1093	209.04	4.35	-0.5	209.04	4.35	0	4400000	1175.3	1175.3	0.01	0	0	3
154	397	1095	215.32	4.35	-0.5	215.32	4.35	0	6225000	1600.1	1600.1	0.01	0	0	4
155	398	1098	219.77	4.35	-0.5	219.77	4.35	0	6225000	1912.6	1912.6	0.01	0	0	4
156	399	1101	226.97	4.35	-0.5	226.97	4.35	0	2875000	1313.6	1313.6	0.01	0	0	2
157	400	1103	234.47	4.35	-0.5	234.47	4.35	0	2875000	1242.5	1242.5	0.01	0	0	2
158	401	1105	241.97	4.35	-0.5	241.97	4.35	0	4400000	1856.5	1856.5	0.01	0	0	3
159	402	1107	249.37	4.35	-0.5	249.37	4.35	0	2875000	876.5	876.5	0.01	0	0	2
160	403	1174	125.65	7.25	-0.5	125.65	7.25	0	1275000	628.3	628.3	0.01	0	0	1
161	404	1176	133.15	7.25	-0.5	133.15	7.25	0	1275000	629.4	629.4	0.01	0	0	1
162	405	1259	0	11.85	-0.5	0	11.85	0	6225000	2086.4	2086.4	0.01	0	0	4
163	406	1261	7.45	11.85	-0.5	7.45	11.85	0	9350000	3761.5	3761.5	0.01	0	0	5
164	407	1265	16.85	11.85	-0.5	16.85	11.85	0	9350000	3995.3	3995.3	0.01	0	0	5
165	408	1267	24.35	11.85	-0.5	24.35	11.85	0	6225000	2561.7	2561.7	0.01	0	0	4
166	409	1269	31.85	11.85	-0.5	31.85	11.85	0	4400000	1945.5	1945.5	0.01	0	0	3
167	410	1271	39.35	11.85	-0.5	39.35	11.85	0	4400000	1866.4	1866.4	0.01	0	0	3
168	411	1273	46.85	11.85	-0.5	46.85	11.85	0	6225000	2383.2	2383.2	0.01	0	0	4
169	412	1275	54.35	11.85	-0.5	54.35	11.85	0	9350000	3669.7	3669.7	0.01	0	0	5
170	413	1279	63.75	11.85	-0.5	63.75	11.85	0	9350000	3965.4	3965.4	0.01	0	0	5
171	414	1282	71.6	11.85	-0.5	71.6	11.85	0	6225000	2484.2	2484.2	0.01	0	0	4
172	415	1285	78.75	11.85	-0.5	78.75	11.85	0	4400000	1915.2	1915.2	0.01	0	0	3
173	416	1287	86.25	11.85	-0.5	86.25	11.85	0	4400000	2029.3	2029.3	0.01	0	0	3
174	417	1289	93.75	11.85	-0.5	93.75	11.85	0	6225000	2475.1	2475.1	0.01	0	0	4
175	418	1291	101.25	11.85	-0.5	101.25	11.85	0	9350000	3839	3839	0.01	0	0	5
176	419	1295	110.65	11.85	-0.5	110.65	11.85	0	9350000	3904.7	3904.7	0.01	0	0	5
177	420	1297	118.15	11.85	-0.5	118.15	11.85	0	6225000	2417.2	2417.2	0.01	0	0	4
178	421	1299	125.65	11.85	-0.5	125.65	11.85	0	2875000	1199.1	1199.1	0.01	0	0	2
179	422	1301	133.15	11.85	-0.5	133.15	11.85	0	2875000	1122.5	1122.5	0.01	0	0	2
180	423	1304	140.31	11.85	-0.5	140.31	11.85	0	6225000	2609.5	2609.5	0.01	0	0	4
181	424	1307	148.17	11.85	-0.5	148.17	11.85	0	9350000	3881.8	3881.8	0.01	0	0	5
182	425	1311	157.57	11.85	-0.5	157.57	11.85	0	9350000	3812.3	3812.3	0.01	0	0	5
183	426	1314	165.07	11.85	-0.5	165.07	11.85	0	6225000	2492.3	2492.3	0.01	0	0	4
184	427	1316	172.57	11.85	-0.5	172.57	11.85	0	4400000	1976.6	1976.6	0.01	0	0	3
185	428	1318	180.07	11.85	-0.5	180.07	11.85	0	4400000	1973.7	1973.7	0.01	0	0	3
186	429	1320	187.57	11.85	-0.5	187.57	11.85	0	4400000	1969.2	1969.2	0.01	0	0	3
187	430	1322	195.07	11.85	-0.5	195.07	11.85	0	6225000	2404.7	2404.7	0.01	0	0	4
188	431	1324	202.57	11.85	-0.5	202.57	11.85	0	9350000	3754.4	3754.4	0.01	0	0	5
189	432	1328	211.97	11.85	-0.5	211.97	11.85	0	9350000	3834.2	3834.2	0.01	0	0	5
190	433	1332	219.77	11.85	-0.5	219.77	11.85	0	6225000	2510.6	2510.6	0.01	0	0	4
191	434	1335	226.97	11.85	-0.5	226.97	11.85	0	4400000	1667	1667	0.01	0	0	3
192	435	1337	234.47	11.85	-0.5	234.47	11.85	0	2875000	1397.3	1397.3	0.01	0	0	2
193	436	1339	241.97	11.85	-0.5	241.97	11.85	0	6225000	2309.7	2309.7	0.01	0	0	4
194	437	1341	249.37	11.85	-0.5	249.37	11.85	0	1275000	627.1	627.1	0.01	0	0	1
195	438	1343	256.37	11.85	-0.5	256.37	11.85	0	4400000	2056.2	2056.2	0.01	0	0	3
196	439	1345	263.22	11.85	-0.5	263.22	11.85	0	4400000	1836.8	1836.8	0.01	0	0	3
197	440	1348	270.72	11.85	-0.5	270.72	11.85	0	1275000	472	472	0.01	0	0	1
198	441	1456	0	19.35	-0.5	0	19.35	0	6225000	2307.9	2307.9	0.01	0	0	4
199	442	1458	7.45	19.35	-0.5	7.45	19.35	0	9350000	4086.2	4086.2	0.01	0	0	5
200	443	1461	16.85	19.35	-0.5	16.85	19.35	0	9350000	4059	4059	0.01	0	0	5
201	444	1463	24.35	19.35	-0.5	24.35	19.35	0	6225000	2762.9	2762.9	0.01	0	0	4
202	445	1465	31.85	19.35	-0.5	31.85	19.35	0	4400000	1952.2	1952.2	0.01	0	0	3
203	446	1467	39.35	19.35	-0.5	39.35	19.35	0	4400000	1950.5	1950.5	0.01	0	0	3
204	447	1469	46.85	19.35	-0.5	46.85	19.35	0	6225000	2673.6	2673.6	0.01	0	0	4
205	448	1471	54.35	19.35	-0.5	54.35	19.35	0	9350000	4064.8	4064.8	0.01	0	0	5
206	449	1474	63.75	19.35	-0.5	63.75	19.35	0	9350000	4097	4097	0.01	0	0	5
207	450	1477	71.6	19.35	-0.5	71.6	19.35	0	6225000	2765.2	2765.2	0.01	0	0	4
208	451	1480	78.75	19.35	-0.5	78.75	19.35	0	4400000	1923.5	1923.5	0.01	0	0	3
209	452	1482	86.25	19.35	-0.5	86.25	19.35	0	4400000	1999.2	1999.2	0.01	0	0	3
210	453	1484	93.75	19.35	-0.5	93.75	19.35	0	6225000	2775.6	2775.6	0.01	0	0	4
211	454	1486	101.25	19.35	-0.5	101.25	19.35	0	9350000	4132.1	4132.1	0.01	0	0	5
212	455	1489	110.65	19.35	-0.5	110.65	19.35	0	9350000	4131.9	4131.9	0.01	0	0	5
213	456	1491	118.15	19.35	-0.5	118.15	19.35	0	6225000	2613.9	2613.9	0.01	0	0	4
214	457	1493	125.65	19.35	-0.5	125.65	19.35	0	2875000	1378.5	1378.5	0.01	0	0	2
215	458	1495	133.15	19.35	-0.5	133.15	19.35	0	2875000	1310.9	1310.9	0.01	0	0	2
216	459	1498	140.31	19.35	-0.5	140.31	19.35	0	6225000	2826.8	2826.8	0.01	0	0	4
217	460	1501	148.17	19.35	-0.5	148.17	19.35	0	9350000	4117.2	4117.2	0.01	0	0	5
218	461	1504	157.57	19.35	-0.5	157.57	19.35	0	9350000	4068	4068	0.01	0	0	5
219	462	1506	165.07	19.35	-0.5	165.07	19.35	0	6225000	2762.3	2762.3	0.01	0	0	4
220	463	1508	172.57	19.35	-0.5	172.57	19.35	0	4400000	1946.2	1946.2	0.01	0	0	3
221	464	1510	180.07	19.35	-0.5	180.07	19.35	0	4400000	1946.3	1946.3	0.01	0	0	3
222	465	1512	187.57	19.35	-0.5	187.57	19.35	0	4400000	1953.5	1953.5	0.01	0	0	3
223	466	1514	195.07	19.35	-0.5	195.07	19.35	0	6225000	2668.7	2668.7	0.01	0	0	4
224	467	1516	202.57	19.35	-0.5	202.57	19.35	0	9350000	4050.3	4050.3	0.01	0	0	5
225	468	1519	211.97	19.35	-0.5	211.97	19.35	0	9350000	4147.1	4147.1	0.01	0	0	5
226	469	1522	219.77	19.35	-0.5	219.77	19.35	0	6225000	2695.8	2695.8	0.01	0	0	4
227	470	1525	226.97	19.35	-0.5	226.97	19.35	0	2875000	1443.5	1443.5	0.01	0	0	2
228	471	1527	234.47	19.35	-0.5	234.47	19.35	0	2875000	1318.2	1318.2	0.01	0	0	2
229	472	1529	241.97	19.35	-0.5	241.97	19.35	0	4400000	2015.8	2015.8	0.01	0	0	3
230	473	1531	247.4	19.35	-0.5	247.4	19.35	0	1275000	547.6	547.6	0.01	0	0	1
231	474	1550	252.37	21.05	-0.5	252.37	21.05	0	1275000	606.5	606.5	0.01	0	0	1
232	475	1551	256.37	21.05	-0.5	256.37	21.05	0	4400000	2030.4	2030.4	0.01	0	0	3
233	476	1553	263.22	21.05	-0.5	263.22	21.05	0	2875000	1186.6	1186.6	0.01	0	0	2
234	477	1555	268.87	21.05	-0.5	268.87	21.05	0	2875000	1152.8	1152.8	0.01	0	0	2
235	478	1656	0	26.85	-0.5	0	26.85	0	6225000	2402.1	2402.1	0.01	0	0	4
236	479	1658	7.45	26.85	-0.5	7.45	26.85	0	9350000	4049.4	4049.4	0.01	0	0	5
237	480	1661	16.85	26.85	-0.5	16.85	26.85	0	9350000	4045	4045	0.01	0	0	5
238	481	1663	24.35	26.85	-0.5	24.35	26.85	0	6225000	2493.3	2493.3	0.01	0	0	4
239	482	1665	31.85	26.85	-0.5	31.85	26.85	0	2875000	1087.8	1087.8	0.01	0	0	2
240	483	1667	39.35	26.85	-0.5	39.35	26.85	0	2875000	1087.4	1087.4	0.01	0	0	2
241	484	1669	46.85	26.85	-0.5	46.85	26.85	0	6225000	2459.1	2459.1	0.01	0	0	4
242	485	1671	54.35	26.85	-0.5	54.35	26.85	0	9350000	4050.7	4050.7	0.01	0	0	5
243	486	1674	63.75	26.85	-0.5	63.75	26.85	0	9350000	4068.2	4068.2	0.01	0	0	5
244	487	1677	71.6	26.85	-0.5	71.6	26.85	0	6225000	2834.7	2834.7	0.01	0	0	4
245	488	1680	78.75	26.85	-0.5	78.75	26.85	0	4400000	1747.7	1747.7	0.01	0	0	3
246	489	1682	86.25	26.85	-0.5	86.25	26.85	0	4400000	1831.1	1831.1	0.01	0	0	3
247	490	1684	93.75	26.85	-0.5	93.75	26.85	0	6225000	2780.2	2780.2	0.01	0	0	4
248	491	1686	101.25	26.85	-0.5	101.25	26.85	0	9350000	4100.5	4100.5	0.01	0	0	5
249	492	1689	110.65	26.85	-0.5	110.65	26.85	0	9350000	4112.5	4112.5	0.01	0	0	5
250	493	1691	118.15	26.85	-0.5	118.15	26.85	0	6225000	2414.4	2414.4	0.01	0	0	4
251	494	1693	125.65	26.85	-0.5	125.65	26.85	0	2875000	933.6	933.6	0.01	0	0	2
252	495	1695	133.15	26.85	-0.5	133.15	26.85	0	2875000	889	889	0.01	0	0	2
253	496	1698	140.31	26.85	-0.5	140.31	26.85	0	6225000	2688.8	2688.8	0.01	0	0	4
254	497	1701	148.17	26.85	-0.5	148.17	26.85	0	9350000	4105.5	4105.5	0.01	0	0	5
255	498	1704	157.57	26.85	-0.5	157.57	26.85	0	9350000	4035.2	4035.2	0.01	0	0	5
256	499	1706	165.07	26.85	-0.5	165.07	26.85	0	6225000	2819.9	2819.9	0.01	0	0	4
257	500	1708	172.57	26.85	-0.5	172.57	26.85	0	2875000	1441.1	1441.1	0.01	0	0	2
258	501	1710	180.07	26.85	-0.5	180.07	26.85	0	2875000	1087.1	1087.1	0.01	0	0	2
259	502	1712	187.57	26.85	-0.5	187.57	26.85	0	2875000	1088.1	1088.1	0.01	0	0	2
260	503	1714	195.07	26.85	-0.5	195.07	26.85	0	6225000	2491.8	2491.8	0.01	0	0	4
261	504	1716	202.57	26.85	-0.5	202.57	26.85	0	9350000	4101	4101	0.01	0	0	5
262	505	1719	211.97	26.85	-0.5	211.97	26.85	0	9350000	4117.7	4117.7	0.01	0	0	5
263	506	1722	219.77	26.85	-0.5	219.77	26.85	0	6225000	2739.2	2739.2	0.01	0	0	4
264	507	1725	226.97	26.85	-0.5	226.97	26.85	0	2875000	1456.2	1456.2	0.01	0	0	2
265	508	1727	234.47	26.85	-0.5	234.47	26.85	0	2875000	1301.6	1301.6	0.01	0	0	2
266	509	1729	241.97	26.85	-0.5	241.97	26.85	0	4400000	2019.7	2019.7	0.01	0	0	3
267	510	1731	247.4	26.85	-0.5	247.4	26.85	0	1275000	527	527	0.01	0	0	1
268	511	1765	252.37	30.15	-0.5	252.37	30.15	0	4400000	2015.8	2015.8	0.01	0	0	3
269	512	1766	256.37	30.15	-0.5	256.37	30.15	0	2875000	1275.2	1275.2	0.01	0	0	2
270	513	1768	263.22	30.15	-0.5	263.22	30.15	0	2875000	1189.2	1189.2	0.01	0	0	2
271	514	1770	268.87	30.15	-0.5	268.87	30.15	0	2875000	1140.1	1140.1	0.01	0	0	2
272	515	1828	0	34.35	-0.5	0	34.35	0	6225000	2376.5	2376.5	0.01	0	0	4
273	516	1830	7.45	34.35	-0.5	7.45	34.35	0	6225000	2671	2671	0.01	0	0	4
274	517	1831	10.17	34.35	-0.5	10.17	34.35	0	9350000	2656.8	2656.8	0.01	0	0	5
275	518	1832	14.12	34.35	-0.5	14.12	34.35	0	9350000	2752.2	2752.2	0.01	0	0	5
276	519	1833	16.85	34.35	-0.5	16.85	34.35	0	6225000	2704.6	2704.6	0.01	0	0	4
277	520	1835	24.35	34.35	-0.5	24.35	34.35	0	4400000	1986.3	1986.3	0.01	0	0	3
278	521	1836	46.85	34.35	-0.5	46.85	34.35	0	4400000	1981.3	1981.3	0.01	0	0	3
279	522	1838	54.35	34.35	-0.5	54.35	34.35	0	6225000	2666.8	2666.8	0.01	0	0	4
280	523	1839	57.07	34.35	-0.5	57.07	34.35	0	9350000	2642.5	2642.5	0.01	0	0	5
281	524	1840	61.02	34.35	-0.5	61.02	34.35	0	9350000	2732.1	2732.1	0.01	0	0	5
282	525	1841	63.75	34.35	-0.5	63.75	34.35	0	6225000	2724.5	2724.5	0.01	0	0	4
283	526	1844	71.6	34.35	-0.5	71.6	34.35	0	6225000	2680.6	2680.6	0.01	0	0	4
284	527	1847	78.75	34.35	-0.5	78.75	34.35	0	2875000	1360.9	1360.9	0.01	0	0	2
285	528	1849	86.25	34.35	-0.5	86.25	34.35	0	2875000	1430.3	1430.3	0.01	0	0	2
286	529	1851	93.75	34.35	-0.5	93.75	34.35	0	6225000	2732.5	2732.5	0.01	0	0	4
287	530	1853	101.25	34.35	-0.5	101.25	34.35	0	6225000	2702.9	2702.9	0.01	0	0	4
288	531	1854	103.97	34.35	-0.5	103.97	34.35	0	9350000	2696.1	2696.1	0.01	0	0	5
289	532	1855	107.92	34.35	-0.5	107.92	34.35	0	9350000	2708.3	2708.3	0.01	0	0	5
290	533	1856	110.65	34.35	-0.5	110.65	34.35	0	6225000	2723.5	2723.5	0.01	0	0	4
291	534	1858	118.15	34.35	-0.5	118.15	34.35	0	4400000	1994	1994	0.01	0	0	3
292	535	1859	140.31	34.35	-0.5	140.31	34.35	0	4400000	1818.4	1818.4	0.01	0	0	3
293	536	1862	148.17	34.35	-0.5	148.17	34.35	0	6225000	2774.2	2774.2	0.01	0	0	4
294	537	1863	150.89	34.35	-0.5	150.89	34.35	0	9350000	2602.3	2602.3	0.01	0	0	5
295	538	1864	154.84	34.35	-0.5	154.84	34.35	0	9350000	2701.3	2701.3	0.01	0	0	5
296	539	1865	157.57	34.35	-0.5	157.57	34.35	0	6225000	2669.8	2669.8	0.01	0	0	4
297	540	1867	165.07	34.35	-0.5	165.07	34.35	0	6225000	2846.1	2846.1	0.01	0	0	4
298	541	1869	172.57	34.35	-0.5	172.57	34.35	0	2875000	1088.4	1088.4	0.01	0	0	2
299	542	1870	195.07	34.35	-0.5	195.07	34.35	0	4400000	2002.7	2002.7	0.01	0	0	3
300	543	1872	202.57	34.35	-0.5	202.57	34.35	0	6225000	2710.9	2710.9	0.01	0	0	4
301	544	1873	205.29	34.35	-0.5	205.29	34.35	0	9350000	2661.5	2661.5	0.01	0	0	5
302	545	1874	209.24	34.35	-0.5	209.24	34.35	0	9350000	2738.6	2738.6	0.01	0	0	5
303	546	1875	211.97	34.35	-0.5	211.97	34.35	0	6225000	2744.4	2744.4	0.01	0	0	4
304	547	1878	219.77	34.35	-0.5	219.77	34.35	0	6225000	2764.5	2764.5	0.01	0	0	4
305	548	1881	226.97	34.35	-0.5	226.97	34.35	0	2875000	1421.7	1421.7	0.01	0	0	2
306	549	1883	234.47	34.35	-0.5	234.47	34.35	0	6225000	1404.9	1404.9	0.01	0	0	4
307	550	1884	238.42	34.35	-0.5	238.42	34.35	0	4400000	532.1	532.1	0.01	0	0	3
308	551	1885	241.97	34.35	-0.5	241.97	34.35	0	6225000	2302.8	2302.8	0.01	0	0	4
309	552	1887	247.4	34.35	-0.5	247.4	34.35	0	1275000	540.6	540.6	0.01	0	0	1
310	553	1957	252.37	39.35	-0.5	252.37	39.35	0	1275000	566.9	566.9	0.01	0	0	1
311	554	1958	256.37	39.35	-0.5	256.37	39.35	0	4400000	1929.1	1929.1	0.01	0	0	3
312	555	1960	263.22	39.35	-0.5	263.22	39.35	0	2875000	1157.1	1157.1	0.01	0	0	2
313	556	1962	268.87	39.35	-0.5	268.87	39.35	0	2875000	1124.3	1124.3	0.01	0	0	2
314	557	1973	0	41.85	-0.5	0	41.85	0	6225000	2405.4	2405.4	0.01	0	0	4
315	558	1975	7.45	41.85	-0.5	7.45	41.85	0	6225000	2762.1	2762.1	0.01	0	0	4
316	559	1976	10.17	41.85	-0.5	10.17	41.85	0	4400000	1233.8	1233.8	0.01	0	0	3
317	560	1977	14.12	41.85	-0.5	14.12	41.85	0	4400000	1273.9	1273.9	0.01	0	0	3
318	561	1978	16.85	41.85	-0.5	16.85	41.85	0	6225000	2795.7	2795.7	0.01	0	0	4
319	562	1980	24.35	41.85	-0.5	24.35	41.85	0	4400000	1979.6	1979.6	0.01	0	0	3
320	563	1981	46.85	41.85	-0.5	46.85	41.85	0	4400000	1984.3	1984.3	0.01	0	0	3
321	564	1983	54.35	41.85	-0.5	54.35	41.85	0	6225000	2754.3	2754.3	0.01	0	0	4
322	565	1984	57.07	41.85	-0.5	57.07	41.85	0	4400000	1226.8	1226.8	0.01	0	0	3
323	566	1985	61.02	41.85	-0.5	61.02	41.85	0	4400000	1260.3	1260.3	0.01	0	0	3
324	567	1986	63.75	41.85	-0.5	63.75	41.85	0	6225000	2812.6	2812.6	0.01	0	0	4
325	568	1989	71.6	41.85	-0.5	71.6	41.85	0	6225000	2673.7	2673.7	0.01	0	0	4
326	569	1992	78.75	41.85	-0.5	78.75	41.85	0	2875000	1360.8	1360.8	0.01	0	0	2
327	570	1994	86.25	41.85	-0.5	86.25	41.85	0	2875000	1431.2	1431.2	0.01	0	0	2
328	571	1996	93.75	41.85	-0.5	93.75	41.85	0	6225000	2734.7	2734.7	0.01	0	0	4
329	572	1998	101.25	41.85	-0.5	101.25	41.85	0	6225000	2783.9	2783.9	0.01	0	0	4
330	573	1999	103.97	41.85	-0.5	103.97	41.85	0	4400000	1220.5	1220.5	0.01	0	0	3
331	574	2000	107.92	41.85	-0.5	107.92	41.85	0	4400000	1222.1	1222.1	0.01	0	0	3
332	575	2001	110.65	41.85	-0.5	110.65	41.85	0	6225000	2807.5	2807.5	0.01	0	0	4
333	576	2003	118.15	41.85	-0.5	118.15	41.85	0	4400000	2007.5	2007.5	0.01	0	0	3
334	577	2004	140.31	41.85	-0.5	140.31	41.85	0	4400000	1840.1	1840.1	0.01	0	0	3
335	578	2007	148.17	41.85	-0.5	148.17	41.85	0	6225000	2860.2	2860.2	0.01	0	0	4
336	579	2008	150.89	41.85	-0.5	150.89	41.85	0	4400000	1190.1	1190.1	0.01	0	0	3
337	580	2009	154.84	41.85	-0.5	154.84	41.85	0	6225000	1460.7	1460.7	0.01	0	0	4
338	581	2010	157.57	41.85	-0.5	157.57	41.85	0	6225000	2759.1	2759.1	0.01	0	0	4
339	582	2012	165.07	41.85	-0.5	165.07	41.85	0	6225000	2844.8	2844.8	0.01	0	0	4
340	583	2014	172.57	41.85	-0.5	172.57	41.85	0	2875000	1087.5	1087.5	0.01	0	0	2
341	584	2015	195.07	41.85	-0.5	195.07	41.85	0	4400000	2005.2	2005.2	0.01	0	0	3
342	585	2017	202.57	41.85	-0.5	202.57	41.85	0	6225000	2794.4	2794.4	0.01	0	0	4
343	586	2018	205.29	41.85	-0.5	205.29	41.85	0	6225000	1408.4	1408.4	0.01	0	0	4
344	587	2019	209.24	41.85	-0.5	209.24	41.85	0	6225000	1451.7	1451.7	0.01	0	0	4
345	588	2020	211.97	41.85	-0.5	211.97	41.85	0	6225000	2825.3	2825.3	0.01	0	0	4
346	589	2023	219.77	41.85	-0.5	219.77	41.85	0	6225000	2771.1	2771.1	0.01	0	0	4
347	590	2026	226.97	41.85	-0.5	226.97	41.85	0	2875000	1420.3	1420.3	0.01	0	0	2
348	591	2028	234.47	41.85	-0.5	234.47	41.85	0	6225000	1381.6	1381.6	0.01	0	0	4
349	592	2030	238.42	41.85	-0.5	238.42	41.85	0	2875000	389	389	0.01	0	0	2
350	593	2031	241.97	41.85	-0.5	241.97	41.85	0	6225000	2370.3	2370.3	0.01	0	0	4
351	594	2033	247.4	41.85	-0.5	247.4	41.85	0	1275000	607.3	607.3	0.01	0	0	1
352	595	2124	0	49.35	-0.5	0	49.35	0	6225000	2363.4	2363.4	0.01	0	0	4
353	596	2126	7.45	49.35	-0.5	7.45	49.35	0	9350000	4058.9	4058.9	0.01	0	0	5
354	597	2129	16.85	49.35	-0.5	16.85	49.35	0	9350000	4047.4	4047.4	0.01	0	0	5
355	598	2131	24.35	49.35	-0.5	24.35	49.35	0	6225000	2469	2469	0.01	0	0	4
356	599	2133	31.85	49.35	-0.5	31.85	49.35	0	2875000	1085	1085	0.01	0	0	2
357	600	2135	39.35	49.35	-0.5	39.35	49.35	0	2875000	1085.5	1085.5	0.01	0	0	2
358	601	2137	46.85	49.35	-0.5	46.85	49.35	0	6225000	2466	2466	0.01	0	0	4
359	602	2139	54.35	49.35	-0.5	54.35	49.35	0	9350000	4054.3	4054.3	0.01	0	0	5
360	603	2142	63.75	49.35	-0.5	63.75	49.35	0	9350000	4072.3	4072.3	0.01	0	0	5
361	604	2145	71.6	49.35	-0.5	71.6	49.35	0	6225000	2830.4	2830.4	0.01	0	0	4
362	605	2148	78.75	49.35	-0.5	78.75	49.35	0	4400000	1748	1748	0.01	0	0	3
363	606	2150	86.25	49.35	-0.5	86.25	49.35	0	4400000	1830.2	1830.2	0.01	0	0	3
364	607	2152	93.75	49.35	-0.5	93.75	49.35	0	6225000	2791.2	2791.2	0.01	0	0	4
365	608	2154	101.25	49.35	-0.5	101.25	49.35	0	9350000	4104.1	4104.1	0.01	0	0	5
366	609	2157	110.65	49.35	-0.5	110.65	49.35	0	9350000	4118.3	4118.3	0.01	0	0	5
367	610	2159	118.15	49.35	-0.5	118.15	49.35	0	6225000	2506.5	2506.5	0.01	0	0	4
368	611	2161	125.65	49.35	-0.5	125.65	49.35	0	2875000	1109.7	1109.7	0.01	0	0	2
369	612	2163	133.15	49.35	-0.5	133.15	49.35	0	2875000	1064.3	1064.3	0.01	0	0	2
370	613	2166	140.31	49.35	-0.5	140.31	49.35	0	6225000	2651.3	2651.3	0.01	0	0	4
371	614	2169	148.17	49.35	-0.5	148.17	49.35	0	9350000	4105.3	4105.3	0.01	0	0	5
372	615	2172	157.57	49.35	-0.5	157.57	49.35	0	9350000	4038.5	4038.5	0.01	0	0	5
373	616	2174	165.07	49.35	-0.5	165.07	49.35	0	6225000	2821.2	2821.2	0.01	0	0	4
374	617	2176	172.57	49.35	-0.5	172.57	49.35	0	2875000	1449.4	1449.4	0.01	0	0	2
375	618	2178	180.07	49.35	-0.5	180.07	49.35	0	2875000	1105.7	1105.7	0.01	0	0	2
376	619	2180	187.57	49.35	-0.5	187.57	49.35	0	2875000	1105.4	1105.4	0.01	0	0	2
377	620	2182	195.07	49.35	-0.5	195.07	49.35	0	6225000	2496.9	2496.9	0.01	0	0	4
378	621	2184	202.57	49.35	-0.5	202.57	49.35	0	9350000	4098.2	4098.2	0.01	0	0	5
379	622	2187	211.97	49.35	-0.5	211.97	49.35	0	9350000	4115.5	4115.5	0.01	0	0	5
380	623	2190	219.77	49.35	-0.5	219.77	49.35	0	6225000	2728.9	2728.9	0.01	0	0	4
381	624	2193	226.97	49.35	-0.5	226.97	49.35	0	2875000	1456.3	1456.3	0.01	0	0	2
382	625	2195	234.47	49.35	-0.5	234.47	49.35	0	2875000	1299.4	1299.4	0.01	0	0	2
383	626	2197	241.97	49.35	-0.5	241.97	49.35	0	6225000	2327	2327	0.01	0	0	4
384	627	2199	247.4	49.35	-0.5	247.4	49.35	0	1275000	134.1	134.1	0.01	0	0	1
385	628	2201	252.37	49.35	-0.5	252.37	49.35	0	2875000	1131.1	1131.1	0.01	0	0	2
386	629	2202	256.37	49.35	-0.5	256.37	49.35	0	2875000	1095.2	1095.2	0.01	0	0	2
387	630	2204	263.22	49.35	-0.5	263.22	49.35	0	2875000	1048.1	1048.1	0.01	0	0	2
388	631	2206	268.87	49.35	-0.5	268.87	49.35	0	1275000	466	466	0.01	0	0	1
389	632	2315	0	56.85	-0.5	0	56.85	0	6225000	2340.6	2340.6	0.01	0	0	4
390	633	2317	7.45	56.85	-0.5	7.45	56.85	0	9350000	4085.5	4085.5	0.01	0	0	5
391	634	2320	16.85	56.85	-0.5	16.85	56.85	0	9350000	4061.2	4061.2	0.01	0	0	5
392	635	2322	24.35	56.85	-0.5	24.35	56.85	0	6225000	2739	2739	0.01	0	0	4
393	636	2324	31.85	56.85	-0.5	31.85	56.85	0	4400000	1960.5	1960.5	0.01	0	0	3
394	637	2326	39.35	56.85	-0.5	39.35	56.85	0	4400000	1959.8	1959.8	0.01	0	0	3
395	638	2328	46.85	56.85	-0.5	46.85	56.85	0	6225000	2705.5	2705.5	0.01	0	0	4
396	639	2330	54.35	56.85	-0.5	54.35	56.85	0	9350000	4070.4	4070.4	0.01	0	0	5
397	640	2333	63.75	56.85	-0.5	63.75	56.85	0	9350000	4096.4	4096.4	0.01	0	0	5
398	641	2336	71.6	56.85	-0.5	71.6	56.85	0	6225000	2885.9	2885.9	0.01	0	0	4
399	642	2339	78.75	56.85	-0.5	78.75	56.85	0	4400000	1927	1927	0.01	0	0	3
400	643	2341	86.25	56.85	-0.5	86.25	56.85	0	4400000	2016.3	2016.3	0.01	0	0	3
401	644	2343	93.75	56.85	-0.5	93.75	56.85	0	6225000	2829.7	2829.7	0.01	0	0	4
402	645	2345	101.25	56.85	-0.5	101.25	56.85	0	9350000	4145.5	4145.5	0.01	0	0	5
403	646	2348	110.65	56.85	-0.5	110.65	56.85	0	9350000	4146.1	4146.1	0.01	0	0	5
404	647	2350	118.15	56.85	-0.5	118.15	56.85	0	6225000	2777.3	2777.3	0.01	0	0	4
405	648	2352	125.65	56.85	-0.5	125.65	56.85	0	4400000	2014.6	2014.6	0.01	0	0	3
406	649	2354	133.15	56.85	-0.5	133.15	56.85	0	4400000	1932.4	1932.4	0.01	0	0	3
407	650	2357	140.31	56.85	-0.5	140.31	56.85	0	6225000	2936.3	2936.3	0.01	0	0	4
408	651	2360	148.17	56.85	-0.5	148.17	56.85	0	9350000	4126.6	4126.6	0.01	0	0	5
409	652	2363	157.57	56.85	-0.5	157.57	56.85	0	9350000	4071.5	4071.5	0.01	0	0	5
410	653	2365	165.07	56.85	-0.5	165.07	56.85	0	6225000	2746.8	2746.8	0.01	0	0	4
411	654	2367	172.57	56.85	-0.5	172.57	56.85	0	4400000	1976.8	1976.8	0.01	0	0	3
412	655	2369	180.07	56.85	-0.5	180.07	56.85	0	4400000	2004.4	2004.4	0.01	0	0	3
413	656	2371	187.57	56.85	-0.5	187.57	56.85	0	4400000	2007.9	2007.9	0.01	0	0	3
414	657	2373	195.07	56.85	-0.5	195.07	56.85	0	6225000	2765.9	2765.9	0.01	0	0	4
415	658	2375	202.57	56.85	-0.5	202.57	56.85	0	9350000	4117.8	4117.8	0.01	0	0	5
416	659	2378	211.97	56.85	-0.5	211.97	56.85	0	9350000	4145	4145	0.01	0	0	5
417	660	2381	219.77	56.85	-0.5	219.77	56.85	0	6225000	2704	2704	0.01	0	0	4
418	661	2384	226.97	56.85	-0.5	226.97	56.85	0	2875000	1449.8	1449.8	0.01	0	0	2
419	662	2386	234.47	56.85	-0.5	234.47	56.85	0	2875000	1338.4	1338.4	0.01	0	0	2
420	663	2388	241.97	56.85	-0.5	241.97	56.85	0	4400000	2038.3	2038.3	0.01	0	0	3
421	664	2476	0	64.35	-0.5	0	64.35	0	4400000	1825.1	1825.1	0.01	0	0	3
422	665	2478	7.45	64.35	-0.5	7.45	64.35	0	9350000	3846.9	3846.9	0.01	0	0	5
423	666	2481	16.85	64.35	-0.5	16.85	64.35	0	9350000	3888.9	3888.9	0.01	0	0	5
424	667	2483	24.35	64.35	-0.5	24.35	64.35	0	6225000	2415.7	2415.7	0.01	0	0	4
425	668	2485	31.85	64.35	-0.5	31.85	64.35	0	4400000	1618	1618	0.01	0	0	3
426	669	2487	39.35	64.35	-0.5	39.35	64.35	0	4400000	1611.3	1611.3	0.01	0	0	3
427	670	2489	46.85	64.35	-0.5	46.85	64.35	0	6225000	2380.3	2380.3	0.01	0	0	4
428	671	2491	54.35	64.35	-0.5	54.35	64.35	0	9350000	3776.8	3776.8	0.01	0	0	5
429	672	2494	63.75	64.35	-0.5	63.75	64.35	0	9350000	3917.9	3917.9	0.01	0	0	5
430	673	2497	71.6	64.35	-0.5	71.6	64.35	0	6225000	2687.5	2687.5	0.01	0	0	4
431	674	2500	78.75	64.35	-0.5	78.75	64.35	0	4400000	1597.4	1597.4	0.01	0	0	3
432	675	2502	86.25	64.35	-0.5	86.25	64.35	0	4400000	1670	1670	0.01	0	0	3
433	676	2504	93.75	64.35	-0.5	93.75	64.35	0	6225000	2597.8	2597.8	0.01	0	0	4
434	677	2506	101.25	64.35	-0.5	101.25	64.35	0	9350000	3997.9	3997.9	0.01	0	0	5
435	678	2509	110.65	64.35	-0.5	110.65	64.35	0	9350000	4025.1	4025.1	0.01	0	0	5
436	679	2511	118.15	64.35	-0.5	118.15	64.35	0	6225000	2479.3	2479.3	0.01	0	0	4
437	680	2513	125.65	64.35	-0.5	125.65	64.35	0	4400000	1656.7	1656.7	0.01	0	0	3
438	681	2515	133.15	64.35	-0.5	133.15	64.35	0	2875000	1426	1426	0.01	0	0	2
439	682	2518	140.31	64.35	-0.5	140.31	64.35	0	6225000	2712.3	2712.3	0.01	0	0	4
440	683	2521	148.17	64.35	-0.5	148.17	64.35	0	9350000	3974.6	3974.6	0.01	0	0	5
441	684	2524	157.57	64.35	-0.5	157.57	64.35	0	9350000	3856.5	3856.5	0.01	0	0	5
442	685	2526	165.07	64.35	-0.5	165.07	64.35	0	6225000	2390.7	2390.7	0.01	0	0	4
443	686	2528	172.57	64.35	-0.5	172.57	64.35	0	4400000	1626.2	1626.2	0.01	0	0	3
444	687	2530	180.07	64.35	-0.5	180.07	64.35	0	4400000	1617.7	1617.7	0.01	0	0	3
445	688	2532	187.57	64.35	-0.5	187.57	64.35	0	4400000	1637.5	1637.5	0.01	0	0	3
446	689	2534	195.07	64.35	-0.5	195.07	64.35	0	6225000	2444	2444	0.01	0	0	4
447	690	2536	202.57	64.35	-0.5	202.57	64.35	0	9350000	3948.1	3948.1	0.01	0	0	5
448	691	2539	211.97	64.35	-0.5	211.97	64.35	0	9350000	4075.9	4075.9	0.01	0	0	5
449	692	2542	219.77	64.35	-0.5	219.77	64.35	0	6225000	2444.1	2444.1	0.01	0	0	4
450	693	2545	226.97	64.35	-0.5	226.97	64.35	0	2875000	1410	1410	0.01	0	0	2
451	694	2547	234.47	64.35	-0.5	234.47	64.35	0	2875000	1316.1	1316.1	0.01	0	0	2
452	695	2549	241.97	64.35	-0.5	241.97	64.35	0	4400000	2008.8	2008.8	0.01	0	0	3
453	696	2559	24.35	66.45	-0.5	24.35	66.45	0	1275000	188.9	188.9	0.01	0	0	1
454	697	2628	78.75	67.92	-0.5	78.75	67.92	0	2875000	854.6	854.6	0.01	0	0	2
455	698	2629	86.25	67.92	-0.5	86.25	67.92	0	2875000	945.5	945.5	0.01	0	0	2
456	699	2630	125.65	67.92	-0.5	125.65	67.92	0	2875000	983.9	983.9	0.01	0	0	2
457	700	2631	133.15	67.92	-0.5	133.15	67.92	0	2875000	974.5	974.5	0.01	0	0	2
458	701	2632	172.57	67.92	-0.5	172.57	67.92	0	2875000	962.2	962.2	0.01	0	0	2
459	702	2633	180.07	67.92	-0.5	180.07	67.92	0	2875000	944.1	944.1	0.01	0	0	2
460	703	2634	187.57	67.92	-0.5	187.57	67.92	0	2875000	970	970	0.01	0	0	2
461	704	2638	31.85	68	-0.5	31.85	68	0	2875000	918.5	918.5	0.01	0	0	2
462	705	2639	39.35	68	-0.5	39.35	68	0	2875000	952.2	952.2	0.01	0	0	2
463	706	2780	86.25	71.37	-0.5	86.25	71.37	0	2875000	1086	1086	0.01	0	0	2
464	707	2781	125.65	71.37	-0.5	125.65	71.37	0	2875000	1038.1	1038.1	0.01	0	0	2
465	708	2782	133.15	71.37	-0.5	133.15	71.37	0	2875000	1011.6	1011.6	0.01	0	0	2
466	709	2794	172.57	71.37	-0.5	172.57	71.37	0	2875000	967.9	967.9	0.01	0	0	2
467	710	2795	180.07	71.37	-0.5	180.07	71.37	0	2875000	992	992	0.01	0	0	2
468	711	2796	187.57	71.37	-0.5	187.57	71.37	0	2875000	980.4	980.4	0.01	0	0	2
469	712	2810	226.97	71.37	-0.5	226.97	71.37	0	2875000	1170.8	1170.8	0.01	0	0	2
470	713	2812	234.47	71.37	-0.5	234.47	71.37	0	2875000	1067.1	1067.1	0.01	0	0	2
471	714	2814	241.97	71.37	-0.5	241.97	71.37	0	4400000	1832.6	1832.6	0.01	0	0	3
472	715	2817	31.85	71.45	-0.5	31.85	71.45	0	2875000	959.3	959.3	0.01	0	0	2
473	716	2818	39.35	71.45	-0.5	39.35	71.45	0	2875000	939.9	939.9	0.01	0	0	2
474	717	2824	0	71.85	-0.5	0	71.85	0	6225000	1519.2	1519.2	0.01	0	0	4
475	718	2826	5.3	71.85	-0.5	5.3	71.85	0	4400000	1133.8	1133.8	0.01	0	0	3
476	719	2829	24.35	71.85	-0.5	24.35	71.85	0	6225000	1688.8	1688.8	0.01	0	0	4
477	720	2947	0	76.2	-0.5	0	76.2	0	9350000	2100	2100	0.01	0	0	5
478	721	2949	4.05	76.2	-0.5	4.05	76.2	0	6225000	1538.5	1538.5	0.01	0	0	4
479	722	2959	24.35	76.2	-0.5	24.35	76.2	0	6225000	1950.4	1950.4	0.01	0	0	4
480	723	2961	31.85	76.2	-0.5	31.85	76.2	0	2875000	1272.8	1272.8	0.01	0	0	2
481	724	2963	39.35	76.2	-0.5	39.35	76.2	0	4400000	1594.7	1594.7	0.01	0	0	3
482	725	2999	125.65	76.2	-0.5	125.65	76.2	0	2875000	1344.8	1344.8	0.01	0	0	2
483	726	3001	133.15	76.2	-0.5	133.15	76.2	0	2875000	1330.7	1330.7	0.01	0	0	2
484	727	3018	172.57	76.2	-0.5	172.57	76.2	0	2875000	1335	1335	0.01	0	0	2
485	728	3020	180.07	76.2	-0.5	180.07	76.2	0	2875000	1326.2	1326.2	0.01	0	0	2
486	729	3022	187.57	76.2	-0.5	187.57	76.2	0	4400000	1645	1645	0.01	0	0	3
487	730	3096	226.97	76.43	-0.5	226.97	76.43	0	2875000	1246.8	1246.8	0.01	0	0	2
488	731	3098	234.47	76.43	-0.5	234.47	76.43	0	2875000	1160	1160	0.01	0	0	2
489	732	3100	241.97	76.43	-0.5	241.97	76.43	0	2875000	1432.1	1432.1	0.01	0	0	2
490	733	3132	86.25	76.65	-0.5	86.25	76.65	0	2875000	1338.7	1338.7	0.01	0	0	2
491	734	3279	0	83.7	-0.5	0	83.7	0	2875000	1137.6	1137.6	0.01	0	0	2
492	735	3281	7.45	83.7	-0.5	7.45	83.7	0	4400000	1683.7	1683.7	0.01	0	0	3
493	736	3284	16.85	83.7	-0.5	16.85	83.7	0	4400000	1671.4	1671.4	0.01	0	0	3
494	737	3286	24.35	83.7	-0.5	24.35	83.7	0	2875000	1373.1	1373.1	0.01	0	0	2
495	738	3288	31.85	83.7	-0.5	31.85	83.7	0	6225000	2389.3	2389.3	0.01	0	0	4
496	739	3290	39.35	83.7	-0.5	39.35	83.7	0	1275000	541.6	541.6	0.01	0	0	1
497	740	3292	46.85	83.7	-0.5	46.85	83.7	0	6225000	2361.3	2361.3	0.01	0	0	4
498	741	3294	54.35	83.7	-0.5	54.35	83.7	0	4400000	1764.6	1764.6	0.01	0	0	3
499	742	3298	63.75	83.7	-0.5	63.75	83.7	0	4400000	1845.7	1845.7	0.01	0	0	3
500	743	3300	71.25	83.7	-0.5	71.25	83.7	0	4400000	1655.3	1655.3	0.01	0	0	3
501	744	3302	78.75	83.7	-0.5	78.75	83.7	0	4400000	1654.4	1654.4	0.01	0	0	3
502	745	3305	85.9	83.7	-0.5	85.9	83.7	0	4400000	1686.8	1686.8	0.01	0	0	3
503	746	3308	93.75	83.7	-0.5	93.75	83.7	0	4400000	1684.5	1684.5	0.01	0	0	3
504	747	3310	101.25	83.7	-0.5	101.25	83.7	0	4400000	1820.3	1820.3	0.01	0	0	3
505	748	3313	110.65	83.7	-0.5	110.65	83.7	0	4400000	1815.8	1815.8	0.01	0	0	3
506	749	3315	118.15	83.7	-0.5	118.15	83.7	0	4400000	1644.5	1644.5	0.01	0	0	3
507	750	3317	125.65	83.7	-0.5	125.65	83.7	0	4400000	1715.5	1715.5	0.01	0	0	3
508	751	3319	133.15	83.7	-0.5	133.15	83.7	0	4400000	1708.9	1708.9	0.01	0	0	3
509	752	3322	140.67	83.7	-0.5	140.67	83.7	0	4400000	1662.3	1662.3	0.01	0	0	3
510	753	3324	148.17	83.7	-0.5	148.17	83.7	0	4400000	1831.4	1831.4	0.01	0	0	3
511	754	3327	157.57	83.7	-0.5	157.57	83.7	0	4400000	1835.3	1835.3	0.01	0	0	3
512	755	3330	164.77	83.7	-0.5	164.77	83.7	0	4400000	1702.3	1702.3	0.01	0	0	3
513	756	3333	172.57	83.7	-0.5	172.57	83.7	0	4400000	1741.1	1741.1	0.01	0	0	3
514	757	3335	180.07	83.7	-0.5	180.07	83.7	0	6225000	2484.5	2484.5	0.01	0	0	4
515	758	3337	187.57	83.7	-0.5	187.57	83.7	0	1275000	549.8	549.8	0.01	0	0	1
516	759	3339	195.07	83.7	-0.5	195.07	83.7	0	6225000	2353.8	2353.8	0.01	0	0	4
517	760	3341	202.57	83.7	-0.5	202.57	83.7	0	4400000	1692.8	1692.8	0.01	0	0	3
518	761	3344	211.97	83.7	-0.5	211.97	83.7	0	4400000	1731	1731	0.01	0	0	3
519	762	3346	219.47	83.7	-0.5	219.47	83.7	0	2875000	1407.7	1407.7	0.01	0	0	2
520	763	3348	226.97	83.7	-0.5	226.97	83.7	0	2875000	1437.6	1437.6	0.01	0	0	2
521	764	3350	234.47	83.7	-0.5	234.47	83.7	0	2875000	1306.9	1306.9	0.01	0	0	2
522	765	3352	241.97	83.7	-0.5	241.97	83.7	0	2875000	1490	1490	0.01	0	0	2
523	766	3427	0	91.2	-0.5	0	91.2	0	2875000	1199.2	1199.2	0.01	0	0	2
524	767	3429	7.45	91.2	-0.5	7.45	91.2	0	4400000	1950.8	1950.8	0.01	0	0	3
525	768	3432	16.85	91.2	-0.5	16.85	91.2	0	4400000	1913.6	1913.6	0.01	0	0	3
526	769	3434	24.35	91.2	-0.5	24.35	91.2	0	2875000	1272.2	1272.2	0.01	0	0	2
527	770	3436	31.85	91.2	-0.5	31.85	91.2	0	2875000	1311.3	1311.3	0.01	0	0	2
528	771	3438	39.35	91.2	-0.5	39.35	91.2	0	4400000	2065.6	2065.6	0.01	0	0	3
529	772	3440	46.85	91.2	-0.5	46.85	91.2	0	4400000	1853	1853	0.01	0	0	3
530	773	3442	54.35	91.2	-0.5	54.35	91.2	0	4400000	2094.8	2094.8	0.01	0	0	3
531	774	3446	63.75	91.2	-0.5	63.75	91.2	0	4400000	2078.3	2078.3	0.01	0	0	3
532	775	3448	71.25	91.2	-0.5	71.25	91.2	0	2875000	1389.7	1389.7	0.01	0	0	2
533	776	3450	78.75	91.2	-0.5	78.75	91.2	0	2875000	1350.3	1350.3	0.01	0	0	2
534	777	3453	85.9	91.2	-0.5	85.9	91.2	0	4400000	1905.2	1905.2	0.01	0	0	3
535	778	3456	93.75	91.2	-0.5	93.75	91.2	0	4400000	1871.5	1871.5	0.01	0	0	3
536	779	3458	101.25	91.2	-0.5	101.25	91.2	0	4400000	1749.6	1749.6	0.01	0	0	3
537	780	3461	110.65	91.2	-0.5	110.65	91.2	0	4400000	2065.3	2065.3	0.01	0	0	3
538	781	3463	118.15	91.2	-0.5	118.15	91.2	0	2875000	1358.7	1358.7	0.01	0	0	2
539	782	3465	125.65	91.2	-0.5	125.65	91.2	0	2875000	1381.1	1381.1	0.01	0	0	2
540	783	3467	133.15	91.2	-0.5	133.15	91.2	0	4400000	1842.9	1842.9	0.01	0	0	3
541	784	3470	140.67	91.2	-0.5	140.67	91.2	0	4400000	1812	1812	0.01	0	0	3
542	785	3472	148.17	91.2	-0.5	148.17	91.2	0	4400000	1913.3	1913.3	0.01	0	0	3
543	786	3475	157.57	91.2	-0.5	157.57	91.2	0	4400000	2019.5	2019.5	0.01	0	0	3
544	787	3478	164.77	91.2	-0.5	164.77	91.2	0	4400000	1493.3	1493.3	0.01	0	0	3
545	788	3481	172.57	91.2	-0.5	172.57	91.2	0	4400000	1596.4	1596.4	0.01	0	0	3
546	789	3483	180.07	91.2	-0.5	180.07	91.2	0	4400000	1884.6	1884.6	0.01	0	0	3
547	790	3485	187.57	91.2	-0.5	187.57	91.2	0	4400000	2057.4	2057.4	0.01	0	0	3
548	791	3487	195.07	91.2	-0.5	195.07	91.2	0	4400000	1814.3	1814.3	0.01	0	0	3
549	792	3489	202.57	91.2	-0.5	202.57	91.2	0	4400000	1956.1	1956.1	0.01	0	0	3
550	793	3492	211.97	91.2	-0.5	211.97	91.2	0	4400000	1964.2	1964.2	0.01	0	0	3
551	794	3494	219.47	91.2	-0.5	219.47	91.2	0	4400000	1696.7	1696.7	0.01	0	0	3
552	795	3496	226.97	91.2	-0.5	226.97	91.2	0	2875000	1495.8	1495.8	0.01	0	0	2
553	796	3498	234.47	91.2	-0.5	234.47	91.2	0	2875000	1145.2	1145.2	0.01	0	0	2
554	797	3500	241.97	91.2	-0.5	241.97	91.2	0	2875000	1505	1505	0.01	0	0	2
555	798	3555	101.25	95.03	-0.5	101.25	95.03	0	2875000	821.5	821.5	0.01	0	0	2
556	799	3557	148.17	95.03	-0.5	148.17	95.03	0	2875000	754.5	754.5	0.01	0	0	2
557	800	3558	24.35	95.15	-0.5	24.35	95.15	0	2875000	690.9	690.9	0.01	0	0	2
558	801	3560	31.85	95.15	-0.5	31.85	95.15	0	2875000	896.5	896.5	0.01	0	0	2
559	802	3561	118.15	95.15	-0.5	118.15	95.15	0	2875000	773.1	773.1	0.01	0	0	2
560	803	3563	125.65	95.15	-0.5	125.65	95.15	0	2875000	788.6	788.6	0.01	0	0	2
561	804	3564	71.25	95.2	-0.5	71.25	95.2	0	2875000	745.3	745.3	0.01	0	0	2
562	805	3566	78.75	95.2	-0.5	78.75	95.2	0	2875000	745.9	745.9	0.01	0	0	2
563	806	3568	164.77	95.2	-0.5	164.77	95.2	0	2875000	736.5	736.5	0.01	0	0	2
564	807	3571	172.57	95.2	-0.5	172.57	95.2	0	2875000	732.4	732.4	0.01	0	0	2
565	808	3572	234.47	95.45	-0.5	234.47	95.45	0	1275000	630.7	630.7	0.01	0	0	1
566	809	3588	0	98.7	-0.5	0	98.7	0	1275000	664.9	664.9	0.01	0	0	1
567	810	3590	7.45	98.7	-0.5	7.45	98.7	0	2875000	976	976	0.01	0	0	2
568	811	3593	16.85	98.7	-0.5	16.85	98.7	0	2875000	967.9	967.9	0.01	0	0	2
569	812	3595	24.35	98.7	-0.5	24.35	98.7	0	2875000	673.3	673.3	0.01	0	0	2
570	813	3598	31.85	98.7	-0.5	31.85	98.7	0	2875000	850.5	850.5	0.01	0	0	2
571	814	3600	39.35	98.7	-0.5	39.35	98.7	0	1275000	299.5	299.5	0.01	0	0	1
572	815	3602	46.85	98.7	-0.5	46.85	98.7	0	2875000	1224	1224	0.01	0	0	2
573	816	3604	54.35	98.7	-0.5	54.35	98.7	0	2875000	1017.2	1017.2	0.01	0	0	2
574	817	3608	63.75	98.7	-0.5	63.75	98.7	0	2875000	1022.7	1022.7	0.01	0	0	2
575	818	3610	71.25	98.7	-0.5	71.25	98.7	0	2875000	887	887	0.01	0	0	2
576	819	3613	78.75	98.7	-0.5	78.75	98.7	0	2875000	871.9	871.9	0.01	0	0	2
577	820	3616	85.9	98.7	-0.5	85.9	98.7	0	2875000	984.2	984.2	0.01	0	0	2
578	821	3619	93.75	98.7	-0.5	93.75	98.7	0	2875000	935.4	935.4	0.01	0	0	2
579	822	3621	101.25	98.7	-0.5	101.25	98.7	0	2875000	912.4	912.4	0.01	0	0	2
580	823	3624	110.65	98.7	-0.5	110.65	98.7	0	2875000	1019.4	1019.4	0.01	0	0	2
581	824	3626	118.15	98.7	-0.5	118.15	98.7	0	2875000	711.1	711.1	0.01	0	0	2
582	825	3629	125.65	98.7	-0.5	125.65	98.7	0	2875000	724.2	724.2	0.01	0	0	2
583	826	3631	133.15	98.7	-0.5	133.15	98.7	0	2875000	907.8	907.8	0.01	0	0	2
584	827	3634	140.67	98.7	-0.5	140.67	98.7	0	2875000	897.8	897.8	0.01	0	0	2
585	828	3636	148.17	98.7	-0.5	148.17	98.7	0	2875000	821	821	0.01	0	0	2
586	829	3639	157.57	98.7	-0.5	157.57	98.7	0	2875000	993.9	993.9	0.01	0	0	2
587	830	3642	164.77	98.7	-0.5	164.77	98.7	0	4400000	1087.7	1087.7	0.01	0	0	3
588	831	3646	172.57	98.7	-0.5	172.57	98.7	0	2875000	910	910	0.01	0	0	2
589	832	3648	180.07	98.7	-0.5	180.07	98.7	0	2875000	945.1	945.1	0.01	0	0	2
590	833	3650	187.57	98.7	-0.5	187.57	98.7	0	2875000	1020.3	1020.3	0.01	0	0	2
591	834	3652	195.07	98.7	-0.5	195.07	98.7	0	2875000	927.4	927.4	0.01	0	0	2
592	835	3654	202.57	98.7	-0.5	202.57	98.7	0	2875000	967.7	967.7	0.01	0	0	2
593	836	3657	211.97	98.7	-0.5	211.97	98.7	0	2875000	971.5	971.5	0.01	0	0	2
594	837	3659	219.47	98.7	-0.5	219.47	98.7	0	2875000	845.5	845.5	0.01	0	0	2
595	838	3661	226.97	98.7	-0.5	226.97	98.7	0	2875000	817.7	817.7	0.01	0	0	2
596	839	3663	234.47	98.7	-0.5	234.47	98.7	0	1275000	402.1	402.1	0.01	0	0	1
597	840	3665	241.97	98.7	-0.5	241.97	98.7	0	2875000	846.5	846.5	0.01	0	0	2
598	13794	13661	-7.4	0	12.7	-7.4	0	13.2	1275000	170.8	170.8	0	0	0	1
599	13795	13662	-7.4	19.35	12.7	-7.4	19.35	13.2	2875000	724.4	724.4	0	0	0	2
600	13796	13663	-7.4	34.35	12.7	-7.4	34.35	13.2	1275000	652.2	652.2	0	0	0	1
601	13797	13664	-7.4	49.35	12.7	-7.4	49.35	13.2	1275000	658.4	658.4	0	0	0	1
602	13798	13665	-7.4	64.35	12.7	-7.4	64.35	13.2	1275000	574.3	574.3	0	0	0	1
603	13799	13666	-7.4	76.2	12.7	-7.4	76.2	13.2	1275000	535.7	535.7	0	0	0	1
604	13800	13667	-7.4	91.2	12.7	-7.4	91.2	13.2	1275000	645.2	645.2	0	0	0	1
605	13809	13695	-7.4	7.74	12.7	-7.4	7.74	13.2	1275000	451.8	451.8	0.01	0	0	1
606	13814	13810	263.22	44.35	-0.5	263.22	44.35	0	2875000	935.5	935.5	0.01	0	0	2
607	13815	13811	263.22	34.75	-0.5	263.22	34.75	0	2875000	982.4	982.4	0.01	0	0	2
608	13816	13812	263.22	25.6	-0.5	263.22	25.6	0	2875000	992.8	992.8	0.01	0	0	2
609	13817	13813	263.22	16.45	-0.5	263.22	16.45	0	2875000	992.5	992.5	0.01	0	0	2